10005620.jpg 27 1 487 512 260 162 256 276 361 206
10013190.jpg 24 1 489 512 262 162 263 279 358 218
10274330.jpg 9 1 504 512 274 162 276 276 374 213
10649970.jpg 25 1 488 512 265 178 253 262 365 229
10738250.jpg 1 10 512 504 272 176 286 255 393 202
10777690.jpg 1 6 512 507 242 199 274 274 363 202
10792810.jpg 39 1 475 512 258 166 251 269 346 234
11339250.jpg 24 1 490 512 258 171 246 252 374 238
11903840.jpg 1 21 512 492 313 192 309 264 414 262
12124450.jpg 12 1 502 512 267 171 253 253 386 232
12449390.jpg 1 10 512 503 246 204 268 274 388 192
12740810.jpg 37 1 477 512 261 162 232 241 361 246
13034610.jpg 14 1 499 512 326 186 297 307 407 259
13245020.jpg 18 1 495 512 279 206 288 281 379 232
13274640.jpg 23 1 491 512 255 169 255 262 365 218
13313990.jpg 19 1 495 512 282 181 279 255 384 222
13397540.jpg 9 1 504 512 267 162 267 274 400 211
13419470.jpg 1 14 512 500 290 155 289 274 411 213
13549680.jpg 22 1 491 512 233 189 272 293 374 208
13609630.jpg 1 10 512 503 281 166 282 237 405 225
13714630.jpg 43 1 470 512 255 169 258 276 365 222
14017930.jpg 1 1 512 512 276 158 256 239 376 229
14419060.jpg 1 16 512 498 265 145 263 231 390 199
1460590.jpg 14 1 499 512 295 187 295 301 381 236
14860590.jpg 14 1 499 512 286 186 286 255 386 213
15312910.jpg 1 30 512 484 325 169 303 241 406 246
15900960.jpg 25 1 488 512 265 159 244 241 358 234
16031200.jpg 5 1 509 512 275 168 267 280 400 241
16120040.jpg 22 1 491 512 258 154 239 227 363 210
16622290.jpg 7 1 506 512 289 165 265 250 376 250
16713380.jpg 8 1 505 512 295 182 274 264 397 253
17277880.jpg 10 1 503 512 251 155 246 264 372 224
17452590.jpg 32 1 482 512 232 171 234 262 346 218
1748040.jpg 1 1 512 512 288 192 286 260 386 225
17944730.jpg 15 1 499 512 255 154 262 257 376 192
17969020.jpg 19 1 494 512 270 174 275 290 379 218
18243310.jpg 4 1 509 512 275 145 283 276 386 183
18243770.jpg 33 1 480 512 256 155 255 288 372 225
18355290.jpg 12 1 502 512 262 169 262 265 374 223
18367150.jpg 9 1 505 512 258 161 258 251 386 206
18484110.jpg 8 1 505 512 258 174 256 262 390 218
18564080.jpg 4 1 509 512 274 158 293 290 377 211
18716540.jpg 1 42 512 471 304 188 293 255 406 246
19495340.jpg 1 14 512 499 284 169 279 248 381 213
19516390.jpg 1 25 512 489 270 190 277 273 383 227
1985640.jpg 4 1 509 512 286 151 281 274 384 217
19930330.jpg 17 1 496 512 262 199 295 272 372 211
20921060.jpg 29 1 485 512 265 167 262 281 368 227
20944220.jpg 31 1 482 512 253 196 247 280 361 253
21406930.jpg 1 10 512 503 320 168 283 273 383 244
21437650.jpg 31 1 482 512 281 164 258 285 383 239
22068480.jpg 36 1 477 512 260 157 265 267 354 213
22110850.jpg 5 1 509 512 277 150 279 273 383 217
23176960.jpg 14 1 500 512 270 169 265 255 383 232
24064160.jpg 20 1 494 512 303 164 268 272 369 239
2497980.jpg 10 1 504 512 309 206 304 297 395 262
2538330.jpg 25 1 489 512 276 194 267 293 383 260
2645740.jpg 1 10 512 504 274 197 304 297 393 225
26688850.jpg 46 21 512 492 288 197 295 264 406 225
26880210.jpg 31 1 483 512 251 224 267 294 368 227
2703170.jpg 10 1 504 512 256 157 239 243 368 199
27249940.jpg 7 1 507 512 261 158 251 260 386 225
29477410.jpg 1 7 512 506 295 176 279 280 402 239
29526740.jpg 1 14 512 499 265 166 258 251 381 218
2999650.jpg 10 1 503 512 275 165 279 264 384 213
308440.jpg 45 1 468 512 239 186 260 285 344 227
3329470.jpg 23 1 490 512 282 183 281 290 377 237
3428340.jpg 1 3 512 512 295 164 295 262 407 203
3525020.jpg 1 6 512 508 309 165 286 280 398 234
3571680.jpg 44 1 470 512 268 180 253 253 351 234
3972500.jpg 27 1 487 512 251 179 246 250 369 223
4156470.jpg 11 1 503 512 255 174 258 262 379 218
4252901.jpg 40 1 473 512 274 168 244 273 341 218
4287250.jpg 1 8 512 506 261 211 251 324 391 267
4287290.jpg 27 1 486 512 260 159 258 265 370 217
4367070.jpg 1 13 512 501 265 179 261 255 402 222
4507050.jpg 45 1 468 512 260 185 251 280 361 248
4667280.jpg 1 34 512 480 332 176 312 269 419 232
4698780.jpg 1 12 512 502 282 151 265 251 384 225
4718420.jpg 1 38 512 476 268 195 246 304 386 279
4738360.jpg 24 1 490 512 272 176 276 267 386 225
4826680.jpg 8 1 506 512 251 155 282 288 374 190
4902020.jpg 1 19 512 494 295 153 279 246 402 238
491000.jpg 1 12 512 502 263 160 268 297 388 206
4989310.jpg 1 6 512 507 297 155 277 267 386 237
515640.jpg 1 24 512 490 279 179 279 248 388 213
5177600.jpg 1 5 512 509 274 155 274 276 388 220
5578830.jpg 18 1 495 512 246 168 254 251 379 204
6126240.jpg 1 16 512 498 279 199 269 248 376 239
6187951.jpg 9 1 504 512 282 192 282 269 390 238
6228080.jpg 1 20 512 494 275 146 283 285 391 195
6268930.jpg 17 1 497 512 279 153 275 279 372 223
6303110.jpg 9 1 505 512 281 173 265 279 405 241
6489490.jpg 1 9 512 504 290 168 284 278 400 225
6493840.jpg 1 19 512 495 283 168 288 285 395 230
6541480.jpg 10 1 503 512 269 148 263 283 374 227
6670720.jpg 26 1 487 512 274 176 279 302 379 245
672730.jpg 1 3 512 510 265 204 267 288 381 241
6793910.jpg 1 3 512 512 282 145 258 269 393 211
6862610.jpg 1 17 512 497 263 158 260 297 379 224
7334410.jpg 17 1 497 512 288 164 297 269 383 218
7462980.jpg 1 6 512 508 277 169 300 295 397 217
7559920.jpg 44 1 469 512 265 206 275 316 362 255
8026170.jpg 27 1 486 512 246 204 291 322 363 244
8143980.jpg 1 28 512 485 281 168 281 290 405 234
8234390.jpg 1 20 512 493 302 186 296 269 404 248
8383210.jpg 1 12 512 502 263 192 260 308 383 262
8383220.jpg 15 1 499 512 256 216 296 297 383 211
8740530.jpg 1 7 512 507 282 169 282 269 390 222
8865350.jpg 17 1 497 512 277 169 265 255 379 230
8909470.jpg 1 13 512 500 268 176 267 250 379 220
9041240.jpg 1 32 512 481 316 169 290 244 398 246
9076520.jpg 27 1 486 512 258 169 249 245 358 215
9111440.jpg 1 23 512 491 331 185 331 264 400 218
9161190.jpg 1 14 512 500 276 164 279 250 397 217
9319330.jpg 1 4 512 510 277 154 256 251 374 204
9352240.jpg 1 8 512 505 275 144 265 262 395 206
9375390.jpg 19 1 494 512 272 161 267 279 368 224
9380500.jpg 4 1 510 512 281 145 288 281 390 211
9477060.jpg 1 30 512 484 305 188 298 255 415 236
9486000.jpg 10 1 504 512 274 172 260 237 397 239
9735680.jpg 1 1 512 512 288 218 286 283 400 266
9801610.jpg 27 1 486 512 284 169 261 267 370 237
9804150.jpg 27 1 487 512 267 166 270 286 381 225
9844560.jpg 21 1 493 512 293 161 293 272 383 227
9865870.jpg 23 1 490 512 272 160 272 272 383 218
9931780.jpg 18 1 496 512 274 161 274 286 376 225
9937170.jpg 27 1 486 512 241 172 262 288 372 213
9954550.jpg 20 1 494 512 279 161 279 272 383 216
9986080.jpg 26 1 488 512 274 167 258 269 372 231
18189530.jpg 30 1 484 512 282 159 265 274 358 222
18281701.jpg 6 1 508 512 295 186 302 304 391 232
18286020.jpg 39 1 474 512 246 169 254 288 349 220
18299400.jpg 27 1 486 512 230 165 265 285 345 204
18498690.jpg 1 3 512 510 309 210 323 316 402 260
18620960.jpg 48 1 466 512 253 171 244 273 344 227
18654700.jpg 1 11 512 502 279 138 291 267 406 183
18756750.jpg 30 1 484 512 283 183 272 300 400 257
19174930.jpg 1 4 512 509 300 150 275 269 395 220
19184640.jpg 1 6 512 507 297 148 289 283 404 211
19362680.jpg 5 1 508 512 274 130 253 262 388 225
19554090.jpg 55 1 459 512 239 206 227 318 340 266
19910450.jpg 10 1 504 512 254 143 255 288 388 192
20120840.jpg 34 1 480 512 249 151 244 278 366 204
20329620.jpg 1 13 512 501 327 167 282 276 404 246
20354060.jpg 1 11 512 503 274 151 270 278 393 180
20356190.jpg 43 1 470 512 248 143 216 250 354 223
20676440.jpg 1 10 512 503 296 150 260 283 397 234
20708870.jpg 3 1 510 502 256 201 249 343 370 267
20708871.jpg 8 1 506 512 265 146 261 283 372 215
20979790.jpg 43 1 470 512 272 183 260 292 365 259
21487640.jpg 1 16 512 497 298 176 304 283 397 215
21697980.jpg 42 1 472 512 260 166 249 294 358 238
21719620.jpg 3 1 512 512 277 141 281 267 400 202
22131691.jpg 40 1 474 512 261 169 258 309 372 234
22166580.jpg 10 1 503 512 268 140 244 267 390 225
22319000.jpg 8 1 506 512 284 161 272 287 397 227
22391870.jpg 1 3 512 510 293 160 253 255 395 234
22575840.jpg 20 1 494 512 274 143 239 258 365 232
22701050.jpg 34 1 479 512 261 223 290 326 376 248
22758860.jpg 23 1 490 512 254 225 296 325 367 245
22802710.jpg 17 1 497 512 267 153 272 283 376 230
22807610.jpg 20 1 494 512 279 155 275 248 360 204
22899940.jpg 1 26 512 488 282 147 268 279 397 209
22900330.jpg 1 49 512 465 290 154 289 227 404 186
22949430.jpg 27 1 486 512 232 169 260 293 337 176
22976130.jpg 8 1 505 512 291 150 265 253 377 216
23075800.jpg 1 30 512 483 316 176 328 300 423 227
23202770.jpg 1 17 512 497 284 151 281 283 398 208
23239290.jpg 43 1 470 512 269 213 270 318 370 279
23306880.jpg 33 1 480 512 281 148 235 260 345 220
23361450.jpg 28 1 485 512 228 167 255 271 346 194
23361451.jpg 9 1 505 512 302 147 269 251 390 218
23371680.jpg 15 1 499 512 260 141 260 276 374 210
